`main 199
`th.prop.impl.refl 199
`rule.mp
`th.prop.impl.ax1ab.refl 196
`th.prop.ax2.a.ba.a 186
`rule.inst
`b. 33
`nextPident
`a. 21
`pident
`zero 12
`Zero
10 12 21
`pident_
`nat
15 12 18
`Nat
17 12
14 18 21
`Pident
20 12
8 21 33
`succ
23 12 28
`succ_
25 18 28
`Succ
27 12
10 28 33
15 28 31
17 28
14 31 33
20 28
6 33
`impl
35 33
36 21 49
`impl_
`pred
39 33 42
`Pred
41 33
38 42
39 21 45
41 21
43 45 49
`Impl
47 33
48 21
34 49
`th.prop.ax2.a.b.a 147
`c. 61
8 33 61
23 28 56
25 31 56
27 28
10 56 61
15 56 59
17 56
14 59 61
20 56
6 61
62 21
`th.prop.ax2.a.b.c 106
`ax.prop.2 106
`Proof
35 21
36 61 72
39 61 70
41 61
43 70 72
48 61
67 72 79
38 45
39 72 76
41 72
74 76 79
47 21
78 72
35 79
67 33 83
74 42 83
78 33
35 83
67 61 87
74 70 87
78 61
84 87 96
39 83 90
41 83
38 90
39 87 93
41 87
91 93 96
47 83
95 87
80 96 105
39 79 99
41 79
38 99
39 96 102
41 96
100 102 105
47 79
104 96
66 105
63 106 147
`rule.inst_
108 61
109 45
110 106 147
`substPident
112 61
113 21
114 105 146
114 79 125
114 21 21
114 72 49
114 33 33
114 61 21
67 49 125
39 49 123
41 49
74 123 125
78 49
35 125
114 96 137
114 83 83
114 87 132
67 21 132
74 45 132
78 21
84 132 137
39 132 135
41 132
91 135 137
95 132
126 137 146
39 125 140
41 125
38 140
39 137 143
41 137
141 143 146
47 125
145 137
66 146
50 147 186
108 33
149 123
150 147 186
112 33
152 49
153 146 185
153 125 169
153 21 21
153 49 164
153 33 49
35 49
159 21 164
38 123
161 45 164
47 49
163 21
67 164 169
39 164 167
41 164
74 167 169
78 164
35 169
153 137 176
153 83 125
153 132 132
126 132 176
141 135 176
145 132
170 176 185
39 169 179
41 169
38 179
39 176 182
41 176
180 182 185
47 169
184 176
66 185
3 186
`th.prop.ax1.a.ba 194
`th.prop.ax1.a.b 191
`ax.prop.1 191
66 125
50 191 194
150 191 194
66 169
187 194 196
66 176
3 196
197 191 199
66 132